   5.0000000000000001E-003  0.19738961802305888     
   1.4999999999999999E-002  0.19733037639546253     
   2.5000000000000001E-002  0.19721196604337776     
   3.5000000000000003E-002  0.19703446985956352     
   4.4999999999999998E-002  0.19679801207144215     
   5.4999999999999993E-002  0.19650275812579490     
   6.4999999999999988E-002  0.19614891453746111     
   7.4999999999999997E-002  0.19573672870054226     
   8.5000000000000006E-002  0.19526648866229809     
   9.5000000000000015E-002  0.19473852285996324     
  0.10500000000000002       0.19415319982080539     
  0.11500000000000003       0.19351092782570850     
  0.12500000000000003       0.19281215453664285     
  0.13500000000000004       0.19205736658844977     
  0.14500000000000005       0.19124708914533617     
  0.15500000000000005       0.19038188542258005     
  0.16500000000000006       0.18946235617394006     
  0.17500000000000007       0.18848913914532567     
  0.18500000000000008       0.18746290849528791     
  0.19500000000000009       0.18638437418298173     
  0.20500000000000010       0.18525428132421740     
  0.21500000000000011       0.18407340951628764     
  0.22500000000000012       0.18284257213230304     
  0.23500000000000013       0.18156261558577025     
  0.24500000000000013       0.18023441856619982     
  0.25500000000000012       0.17885889124651669     
  0.26500000000000012       0.17743697446317030     
  0.27500000000000013       0.17596963886975509     
  0.28500000000000014       0.17445788406504803     
  0.29500000000000015       0.17290273769640030     
  0.30500000000000016       0.17130525453938522     
  0.31500000000000017       0.16966651555471182     
  0.32500000000000018       0.16798762692334235     
  0.33500000000000019       0.16626971906086804     
  0.34500000000000020       0.16451394561214172     
  0.35500000000000020       0.16272148242723075     
  0.36500000000000021       0.16089352651973080     
  0.37500000000000022       0.15903129500856414     
  0.38500000000000023       0.15713602404431321     
  0.39500000000000024       0.15520896772122839     
  0.40500000000000025       0.15325139697602400     
  0.41500000000000026       0.15126459847459878     
  0.42500000000000027       0.14924987348781191     
  0.43500000000000028       0.14720853675749568     
  0.44500000000000028       0.14514191535383297     
  0.45500000000000029       0.14305134752528045     
  0.46500000000000030       0.14093818154221063     
  0.47500000000000031       0.13880377453544795     
  0.48500000000000032       0.13664949133084797     
  0.49500000000000033       0.13447670328114536     
  0.50500000000000034       0.13228678709619829     
  0.51500000000000035       0.13008112367282254     
  0.52500000000000036       0.12786109692539729     
  0.53500000000000036       0.12562809261837868     
  0.54500000000000037       0.12338349720192328     
  0.55500000000000038       0.12112869665171296     
  0.56500000000000039       0.11886507531419672     
  0.57500000000000040       0.11659401475832191     
  0.58500000000000041       0.11431689263490960     
  0.59500000000000042       0.11203508154478206     
  0.60500000000000043       0.10974994791673350     
  0.61500000000000044       0.10746285089642175     
  0.62500000000000044       0.10517514124726648     
  0.63500000000000045       0.10288816026437773     
  0.64500000000000046       0.10060323870256367     
  0.65500000000000047        9.8321695719444616E-002
  0.66500000000000048        9.6044837834607974E-002
  0.67500000000000049        9.3773957905856395E-002
  0.68500000000000050        9.1510334123422257E-002
  0.69500000000000051        8.9255229023129268E-002
  0.70500000000000052        8.7009888519360992E-002
  0.71500000000000052        8.4775540958749576E-002
  0.72500000000000053        8.2553396195396561E-002
  0.73500000000000054        8.0344644688485817E-002
  0.74500000000000055        7.8150456623047190E-002
  0.75500000000000056        7.5971981054674093E-002
  0.76500000000000057        7.3810345078904022E-002
  0.77500000000000058        7.1666653025981519E-002
  0.78500000000000059        6.9541985681681157E-002
  0.79500000000000060        6.7437399534837683E-002
  0.80500000000000060        6.5353926052189343E-002
  0.81500000000000061        6.3292570981122773E-002
  0.82500000000000062        6.1254313680872217E-002
  0.83500000000000063        5.9240106482676157E-002
  0.84500000000000064        5.7250874079385644E-002
  0.85500000000000065        5.5287512944964382E-002
  0.86500000000000066        5.3350890784302413E-002
  0.87500000000000067        5.1441846013711691E-002
  0.88500000000000068        4.9561187272454871E-002
  0.89500000000000068        4.7709692965611152E-002
  0.90500000000000069        4.5888110838554499E-002
  0.91500000000000070        4.4097157583293384E-002
  0.92500000000000071        4.2337518476842334E-002
  0.93500000000000072        4.0609847051833535E-002
  0.94500000000000073        3.8914764799465422E-002
  0.95500000000000074        3.7252860904902339E-002
  0.96500000000000075        3.5624692015178899E-002
  0.97500000000000075        3.4030782039637351E-002
  0.98500000000000076        3.2471621982880436E-002
  0.99500000000000077        3.0947669810202954E-002
   1.0050000000000006        2.9459350345415986E-002
   1.0150000000000003        2.8007055200953125E-002
   1.0250000000000001        2.6591142740104400E-002
   1.0349999999999999        2.5211938071205777E-002
   1.0449999999999997        2.3869733073556318E-002
   1.0549999999999995        2.2564786454823620E-002
   1.0649999999999993        2.1297323839654526E-002
   1.0749999999999991        2.0067537889174342E-002
   1.0849999999999989        1.8875588451037258E-002
   1.0949999999999986        1.7721602739649067E-002
   1.1049999999999984        1.6605675546157397E-002
   1.1149999999999982        1.5527869477775695E-002
   1.1249999999999980        1.4488215225981772E-002
   1.1349999999999978        1.3486711863090658E-002
   1.1449999999999976        1.2523327166694912E-002
   1.1549999999999974        1.1597997971417650E-002
   1.1649999999999971        1.0710630547413362E-002
   1.1749999999999969        9.8611010050193397E-003
   1.1849999999999967        9.0492557249366983E-003
   1.1949999999999965        8.2749118132988547E-003
   1.2049999999999963        7.5378575809666058E-003
   1.2149999999999961        6.8378530463519219E-003
   1.2249999999999959        6.1746304610772098E-003
   1.2349999999999957        5.5478948577328425E-003
   1.2449999999999954        4.9573246189931327E-003
   1.2549999999999952        4.4025720673257704E-003
   1.2649999999999950        3.8832640745158843E-003
   1.2749999999999948        3.3990026902104191E-003
   1.2849999999999946        2.9493657886716434E-003
   1.2949999999999944        2.5339077329198075E-003
   1.3049999999999942        2.1521600554243884E-003
   1.3149999999999940        1.8036321545039952E-003
   1.3249999999999937        1.4878120055700117E-003
   1.3349999999999935        1.2041668863544425E-003
   1.3449999999999933        9.5214411524044808E-004
   1.3549999999999931        7.3117180181987251E-004
   1.3649999999999929        5.4065960878524745E-004
   1.3749999999999927        3.7999952426348159E-004
   1.3849999999999925        2.4856664369672231E-004
   1.3949999999999922        1.4571996036744734E-004
   1.4049999999999920        7.0803163666617564E-005
   1.4149999999999918        2.3145444203034669E-005
   1.4249999999999916        2.0623048496711405E-006
   1.4349999999999914        6.8563768267262906E-006
   1.4449999999999912        3.6818239921999069E-005
   1.4549999999999910        9.1227245952676139E-005
   1.4649999999999908        1.6935234457698102E-004
   1.4749999999999905        2.7045291056963208E-004
   1.4849999999999903        3.9377957168108200E-004
   1.4949999999999901        5.3857503620724685E-004
   1.5049999999999899        7.0407491940621442E-004
   1.5149999999999897        8.8950856790481509E-004
   1.5249999999999895        1.0940998812509566E-003
   1.5349999999999893        1.3170681297763321E-003
   1.5449999999999890        1.5576287679462506E-003
   1.5549999999999888        1.8149942423860423E-003
   1.5649999999999886        2.0883747937892713E-003
   1.5749999999999884        2.3769792519201865E-003
   1.5849999999999882        2.6800158229485747E-003
   1.5949999999999880        2.9966928683593298E-003
   1.6049999999999878        3.3262196747053559E-003
   1.6149999999999876        3.6678072134818948E-003
   1.6249999999999873        4.0206688904240607E-003
   1.6349999999999871        4.3840212835443305E-003
   1.6449999999999869        4.7570848692458072E-003
   1.6549999999999867        5.1390847358691750E-003
   1.6649999999999865        5.5292512840506769E-003
   1.6749999999999863        5.9268209132847778E-003
   1.6849999999999861        6.3310366941152722E-003
   1.6949999999999859        6.7411490253911650E-003
   1.7049999999999856        7.1564162760510983E-003
   1.7149999999999854        7.5761054109234260E-003
   1.7249999999999852        7.9994926000467401E-003
   1.7349999999999850        8.4258638110437101E-003
   1.7449999999999848        8.8545153841026892E-003
   1.7549999999999846        9.2847545891483890E-003
   1.7649999999999844        9.7159001647990906E-003
   1.7749999999999841        1.0147282838744285E-002
   1.7849999999999839        1.0578245829187434E-002
   1.7949999999999837        1.1008145327037845E-002
   1.8049999999999835        1.1436350958547326E-002
   1.8149999999999833        1.1862246228118850E-002
   1.8249999999999831        1.2285228941042281E-002
   1.8349999999999829        1.2704711605927980E-002
   1.8449999999999827        1.3120121816642658E-002
   1.8549999999999824        1.3530902613573870E-002
   1.8649999999999822        1.3936512824074775E-002
   1.8749999999999820        1.4336427381959024E-002
   1.8849999999999818        1.4730137625960798E-002
   1.8949999999999816        1.5117151577064628E-002
   1.9049999999999814        1.5496994194676806E-002
   1.9149999999999812        1.5869207611596339E-002
   1.9249999999999809        1.6233351347789974E-002
   1.9349999999999807        1.6589002502994988E-002
   1.9449999999999805        1.6935755928186837E-002
   1.9549999999999803        1.7273224375990714E-002
   1.9649999999999801        1.7601038630119869E-002
   1.9749999999999799        1.7918847613960051E-002
   1.9849999999999797        1.8226318478428375E-002
   1.9949999999999795        1.8523136669276467E-002
   2.0049999999999795        1.8809005974001754E-002
   2.0149999999999793        1.9083648548577931E-002
   2.0249999999999790        1.9346804924222721E-002
   2.0349999999999788        1.9598233994434975E-002
   2.0449999999999786        1.9837712982571264E-002
   2.0549999999999784        2.0065037390234877E-002
   2.0649999999999782        2.0280020926771652E-002
   2.0749999999999780        2.0482495420190826E-002
   2.0849999999999778        2.0672310709842420E-002
   2.0949999999999775        2.0849334521194980E-002
   2.1049999999999773        2.1013452323088905E-002
   2.1149999999999771        2.1164567167823552E-002
   2.1249999999999769        2.1302599514502543E-002
   2.1349999999999767        2.1427487036019315E-002
   2.1449999999999765        2.1539184410119240E-002
   2.1549999999999763        2.1637663094973551E-002
   2.1649999999999761        2.1722911089701882E-002
   2.1749999999999758        2.1794932680323065E-002
   2.1849999999999756        2.1853748171575892E-002
   2.1949999999999754        2.1899393605116980E-002
   2.2049999999999752        2.1931920464574175E-002
   2.2149999999999750        2.1951395367946869E-002
   2.2249999999999748        2.1957899747874106E-002
   2.2349999999999746        2.1951529520277239E-002
   2.2449999999999743        2.1932394741902613E-002
   2.2549999999999741        2.1900619257282108E-002
   2.2649999999999739        2.1856340335658173E-002
   2.2749999999999737        2.1799708298403400E-002
   2.2849999999999735        2.1730886137471019E-002
   2.2949999999999733        2.1650049125439538E-002
   2.3049999999999731        2.1557384417673606E-002
   2.3149999999999729        2.1453090647174457E-002
   2.3249999999999726        2.1337377512658066E-002
   2.3349999999999724        2.1210465360416410E-002
   2.3449999999999722        2.1072584760515021E-002
   2.3549999999999720        2.0923976077874225E-002
   2.3649999999999718        2.0764889038789602E-002
   2.3749999999999716        2.0595582293435770E-002
   2.3849999999999714        2.0416322974900425E-002
   2.3949999999999712        2.0227386255295691E-002
   2.4049999999999709        2.0029054899473289E-002
   2.4149999999999707        1.9821618816897500E-002
   2.4249999999999705        1.9605374612184652E-002
   2.4349999999999703        1.9380625134853200E-002
   2.4449999999999701        1.9147679028788007E-002
   2.4549999999999699        1.8906850281936723E-002
   2.4649999999999697        1.8658457776749269E-002
   2.4749999999999694        1.8402824841843399E-002
   2.4849999999999692        1.8140278805401776E-002
   2.4949999999999690        1.7871150550768964E-002
   2.5049999999999688        1.7595774074731490E-002
   2.5149999999999686        1.7314486048931814E-002
   2.5249999999999684        1.7027625384881815E-002
   2.5349999999999682        1.6735532803006249E-002
   2.5449999999999680        1.6438550406157555E-002
   2.5549999999999677        1.6137021258023014E-002
   2.5649999999999675        1.5831288966825254E-002
   2.5749999999999673        1.5521697274725778E-002
   2.5849999999999671        1.5208589653306308E-002
   2.5949999999999669        1.4892308905517439E-002
   2.6049999999999667        1.4573196774436947E-002
   2.6149999999999665        1.4251593559205947E-002
   2.6249999999999662        1.3927837738459703E-002
   2.6349999999999660        1.3602265601593415E-002
   2.6449999999999658        1.3275210888156860E-002
   2.6549999999999656        1.2947004435685791E-002
   2.6649999999999654        1.2617973836241038E-002
   2.6749999999999652        1.2288443101927695E-002
   2.6849999999999650        1.1958732339651570E-002
   2.6949999999999648        1.1629157435342312E-002
   2.7049999999999645        1.1300029747879489E-002
   2.7149999999999643        1.0971655812921956E-002
   2.7249999999999641        1.0644337056844422E-002
   2.7349999999999639        1.0318369520955528E-002
   2.7449999999999637        9.9940435961760818E-003
   2.7549999999999635        9.6716437683139148E-003
   2.7649999999999633        9.3514483740879742E-003
   2.7749999999999631        9.0337293680188020E-003
   2.7849999999999628        8.7187521002956951E-003
   2.7949999999999626        8.4067751057137121E-003
   2.8049999999999624        8.0980499037680374E-003
   2.8149999999999622        7.7928208099613946E-003
   2.8249999999999620        7.4913247583912540E-003
   2.8349999999999618        7.1937911356403476E-003
   2.8449999999999616        6.9004416260083938E-003
   2.8549999999999613        6.6114900680900816E-003
   2.8649999999999611        6.3271423226964069E-003
   2.8749999999999609        6.0475961521102069E-003
   2.8849999999999607        5.7730411106404634E-003
   2.8949999999999605        5.5036584464410636E-003
   2.9049999999999603        5.2396210145338991E-003
   2.9149999999999601        4.9810932009775556E-003
   2.9249999999999599        4.7282308580974142E-003
   2.9349999999999596        4.4811812506907762E-003
   2.9449999999999594        4.2400830131058744E-003
   2.9549999999999592        4.0050661170789132E-003
   2.9649999999999590        3.7762518502117890E-003
   2.9749999999999588        3.5537528049477160E-003
   2.9849999999999586        3.3376728779080825E-003
   2.9949999999999584        3.1281072794327532E-003
   3.0049999999999581        2.9251425531574959E-003
   3.0149999999999579        2.7288566054579485E-003
   3.0249999999999577        2.5393187445766604E-003
   3.0349999999999575        2.3565897292401436E-003
   3.0449999999999573        2.1807218265676993E-003
   3.0549999999999571        2.0117588790645518E-003
   3.0649999999999569        1.8497363804814931E-003
   3.0749999999999567        1.6946815603213717E-003
   3.0849999999999564        1.5466134767609353E-003
   3.0949999999999562        1.4055431177526893E-003
   3.1049999999999560        1.2714735100632568E-003
   3.1149999999999558        1.1443998360031206E-003
   3.1249999999999556        1.0243095575908009E-003
   3.1349999999999554        9.1118254789554205E-004
   3.1449999999999552        8.0499122929521901E-004
   3.1549999999999550        7.0570071838013128E-004
   3.1649999999999547        6.1326897723481871E-004
   3.1749999999999545        5.2764697082026228E-004
   3.1849999999999543        4.4877883018064547E-004
   3.1949999999999541        3.7660202119285099E-004
   3.2049999999999539        3.1104751857753183E-004
   3.2149999999999537        2.5203998488442550E-004
   3.2249999999999535        1.9949795416826684E-004
   3.2349999999999532        1.5333402006519276E-004
   3.2449999999999530        1.1345502798234728E-004
   3.2549999999999528        7.9762271111260354E-005
   3.2649999999999526        5.2151689975469997E-005
   3.2749999999999524        3.0514075223123980E-005
   3.2849999999999522        1.4735273376316237E-005
   3.2949999999999520        4.6963952487815194E-006
   3.3049999999999518        2.7402674564112535E-007
   3.3149999999999515        1.3404417598679088E-006
   3.3249999999999513        7.7638168821075420E-006
   3.3349999999999511        1.9408447642570287E-005
   3.3449999999999509        3.6134966006483806E-005
   3.3549999999999507        5.7800558846242857E-005
   3.3649999999999505        8.4259187118327513E-005
   3.3749999999999503        1.1536180547408028E-004
   3.3849999999999500        1.5095658203898268E-004
   3.3949999999999498        1.9088911809713943E-004
   3.4049999999999496        2.3500266742396955E-004
   3.4149999999999494        2.8313835501160312E-004
   3.4249999999999492        3.3513539493901782E-004
   3.4349999999999490        3.9083130714120154E-004
   3.4449999999999488        4.5006213283833375E-004
   3.4549999999999486        5.1266264839088167E-004
   3.4649999999999483        5.7846657735089314E-004
   3.4749999999999481        6.4730680048697483E-004
   3.4849999999999479        7.1901556356535913E-004
   3.4949999999999477        7.9342468267497182E-004
   3.5049999999999475        8.7036574689207293E-004
   3.5149999999999473        9.4967031808446014E-004
   3.5249999999999471        1.0311701276635207E-003
   3.5349999999999469        1.1146972700975062E-003
   3.5449999999999466        1.2000843930068451E-003
   3.5549999999999464        1.2871648836684886E-003
   3.5649999999999462        1.3757730517652467E-003
   3.5749999999999460        1.4657443082186999E-003
   3.5849999999999458        1.5569153399570431E-003
   3.5949999999999456        1.6491242804719066E-003
   3.6049999999999454        1.7422108760268896E-003
   3.6149999999999451        1.8360166473879395E-003
   3.6249999999999449        1.9303850469545875E-003
   3.6349999999999447        2.0251616111744827E-003
   3.6449999999999445        2.1201941081343536E-003
   3.6549999999999443        2.2153326802284113E-003
   3.6649999999999441        2.3104299818074814E-003
   3.6749999999999439        2.4053413117279487E-003
   3.6849999999999437        2.4999247407190531E-003
   3.6949999999999434        2.5940412334974285E-003
   3.7049999999999432        2.6875547655672290E-003
   3.7149999999999430        2.7803324346500754E-003
   3.7249999999999428        2.8722445666915369E-003
   3.7349999999999426        2.9631648164091320E-003
   3.7449999999999424        3.0529702623398980E-003
   3.7549999999999422        3.1415414963673872E-003
   3.7649999999999419        3.2287627077002630E-003
   3.7749999999999417        3.3145217612958475E-003
   3.7849999999999415        3.3987102707152880E-003
   3.7949999999999413        3.4812236654171037E-003
   3.8049999999999411        3.5619612524885164E-003
   3.8149999999999409        3.6408262728345659E-003
   3.8249999999999407        3.7177259518384998E-003
   3.8349999999999405        3.7925715445249531E-003
   3.8449999999999402        3.8652783752519699E-003
   3.8549999999999400        3.9357658719758656E-003
   3.8649999999999398        4.0039575951267828E-003
   3.8749999999999396        4.0697812611503442E-003
   3.8849999999999394        4.1331687607651102E-003
   3.8949999999999392        4.1940561720025275E-003
   3.9049999999999390        4.2523837680884758E-003
   3.9149999999999388        4.3080960202417050E-003
   3.9249999999999385        4.3611415954672300E-003
   3.9349999999999383        4.4114733494188584E-003
   3.9449999999999381        4.4590483144205852E-003
   3.9549999999999379        4.5038276827389550E-003
   3.9649999999999377        4.5457767851931809E-003
   3.9749999999999375        4.5848650652093896E-003
   3.9849999999999373        4.6210660484150116E-003
   3.9949999999999370        4.6543573078816469E-003
   4.0049999999999368        4.6847204251267488E-003
   4.0149999999999366        4.7121409469847745E-003
   4.0249999999999364        4.7366083384635512E-003
   4.0349999999999362        4.7581159317071952E-003
   4.0449999999999360        4.7766608711854331E-003
   4.0549999999999358        4.7922440552321003E-003
   4.0649999999999356        4.8048700740636772E-003
   4.0749999999999353        4.8145471444025244E-003
   4.0849999999999351        4.8212870408366835E-003
   4.0949999999999349        4.8251050240532573E-003
   4.1049999999999347        4.8260197660715447E-003
   4.1149999999999345        4.8240532726189370E-003
   4.1249999999999343        4.8192308027853251E-003
   4.1349999999999341        4.8115807860893900E-003
   4.1449999999999338        4.8011347371048011E-003
   4.1549999999999336        4.7879271677765253E-003
   4.1649999999999334        4.7719954975746354E-003
   4.1749999999999332        4.7533799616247428E-003
   4.1849999999999330        4.7321235169523138E-003
   4.1949999999999328        4.7082717469899196E-003
   4.2049999999999326        4.6818727644793150E-003
   4.2149999999999324        4.6529771129147158E-003
   4.2249999999999321        4.6216376666671968E-003
   4.2349999999999319        4.5879095299263453E-003
   4.2449999999999317        4.5518499346018631E-003
   4.2549999999999315        4.5135181373198779E-003
   4.2649999999999313        4.4729753156523451E-003
   4.2749999999999311        4.4302844637163557E-003
   4.2849999999999309        4.3855102872717416E-003
   4.2949999999999307        4.3387190984588561E-003
   4.3049999999999304        4.2899787102975064E-003
   4.3149999999999302        4.2393583310837563E-003
   4.3249999999999300        4.1869284588086763E-003
   4.3349999999999298        4.1327607757233580E-003
   4.3449999999999296        4.0769280431758341E-003
   4.3549999999999294        4.0195039968396558E-003
   4.3649999999999292        3.9605632424512885E-003
   4.3749999999999289        3.9001811521728103E-003
   4.3849999999999287        3.8384337616971988E-003
   4.3949999999999285        3.7753976681995480E-003
   4.4049999999999283        3.7111499292488250E-003
   4.4149999999999281        3.6457679627819738E-003
   4.4249999999999279        3.5793294482430751E-003
   4.4349999999999277        3.5119122289869503E-003
   4.4449999999999275        3.4435942160447961E-003
   4.4549999999999272        3.3744532933405033E-003
   4.4649999999999270        3.3045672244537867E-003
   4.4749999999999268        3.2340135610099464E-003
   4.4849999999999266        3.1628695527849086E-003
   4.4949999999999264        3.0912120596025623E-003
   4.5049999999999262        3.0191174651011321E-003
   4.5149999999999260        2.9466615924416029E-003
   4.5249999999999257        2.8739196220293854E-003
   4.5349999999999255        2.8009660113126095E-003
   4.5449999999999253        2.7278744167215526E-003
   4.5549999999999251        2.6547176178065772E-003
   4.5649999999999249        2.5815674436324562E-003
   4.5749999999999247        2.5084947014781507E-003
   4.5849999999999245        2.4355691078914144E-003
   4.5949999999999243        2.3628592221441617E-003
   4.6049999999999240        2.2904323821273508E-003
   4.6149999999999238        2.2183546427255291E-003
   4.6249999999999236        2.1466907167020234E-003
   4.6349999999999234        2.0755039181291615E-003
   4.6449999999999232        2.0048561083859584E-003
   4.6549999999999230        1.9348076447508909E-003
   4.6649999999999228        1.8654173316077476E-003
   4.6749999999999226        1.7967423742796087E-003
   4.6849999999999223        1.7288383355084287E-003
   4.6949999999999221        1.6617590945860565E-003
   4.7049999999999219        1.5955568091444419E-003
   4.7149999999999217        1.5302818796087160E-003
   4.7249999999999215        1.4659829163134717E-003
   4.7349999999999213        1.4027067092775886E-003
   4.7449999999999211        1.3404982006323485E-003
   4.7549999999999208        1.2794004596934623E-003
   4.7649999999999206        1.2194546606644630E-003
   4.7749999999999204        1.1607000629563998E-003
   4.7849999999999202        1.1031739941038232E-003
   4.7949999999999200        1.0469118352607566E-003
   4.8049999999999198        9.9194700924619601E-004
   4.8149999999999196        9.3831097111902030E-004
   4.8249999999999194        8.8603320124975866E-004
   4.8349999999999191        8.3514120085788270E-004
   4.8449999999999189        7.8566048998244631E-004
   4.8549999999999187        7.3761460784828358E-004
   4.8649999999999185        6.9102511558949257E-004
   4.8749999999999183        6.4591160128955698E-004
   4.8849999999999181        6.0229168729505618E-004
   4.8949999999999179        5.6018103975860947E-004
   4.9049999999999176        5.1959338036299484E-004
   4.9149999999999174        4.8054050017887526E-004
   4.9249999999999172        4.4303227560546705E-004
   4.9349999999999170        4.0707668634071411E-004
   4.9449999999999168        3.7267983532940482E-004
   4.9549999999999166        3.3984597063193298E-004
   4.9649999999999164        3.0857750915808232E-004
   4.9749999999999162        2.7887506220762961E-004
   4.9849999999999159        2.5073746275881603E-004
   4.9949999999999157        2.2416179444324360E-004
   5.0049999999999155        1.9914342214753447E-004
   5.0149999999999153        1.7567602417755906E-004
   5.0249999999999151        1.5375162592362674E-004
   5.0349999999999149        1.3336063496102011E-004
   5.0449999999999147        1.1449187752257839E-004
   5.0549999999999145        9.7132636277295179E-005
   5.0649999999999142        8.1268689348820778E-005
   5.0749999999999140        6.6884350508530002E-005
   5.0849999999999138        5.3962510475544657E-005
   5.0949999999999136        4.2484679257577054E-005
   5.1049999999999134        3.2431029465184594E-005
   5.1149999999999132        2.3780440532417741E-005
   5.1249999999999130        1.6510543776693551E-005
   5.1349999999999127        1.0597768230894217E-005
   5.1449999999999125        6.0173871805991401E-006
   5.1549999999999123        2.7435653400416600E-006
   5.1649999999999121        7.4940660006888272E-007
   5.1749999999999119        7.0022823957806728E-009
   5.1849999999999117        4.8747983436906274E-007
   5.1949999999999115        2.1610518993121440E-006
   5.2049999999999113        4.9970656979892120E-006
   5.2149999999999110        8.9640526573175230E-006
   5.2249999999999108        1.4029778223459774E-005
   5.2349999999999106        2.0161291796662088E-005
   5.2449999999999104        2.7324976726828148E-005
   5.2549999999999102        3.5486600308976843E-005
   5.2649999999999100        4.4611363719179710E-005
   5.2749999999999098        5.4663951832310251E-005
   5.2849999999999095        6.5608582864437853E-005
   5.2949999999999093        7.7409057783121905E-005
   5.3049999999999091        9.0028809430756605E-005
   5.3149999999999089        1.0343095130694605E-004
   5.3249999999999087        1.1757832595704694E-004
   5.3349999999999085        1.3243355291606745E-004
   5.3449999999999083        1.4795907615716179E-004
   5.3549999999999081        1.6411721099659251E-004
   5.3649999999999078        1.8087019040800880E-004
   5.3749999999999076        1.9818021069990121E-004
   5.3849999999999074        2.1600947651245653E-004
   5.3949999999999072        2.3432024509063888E-004
   5.4049999999999070        2.5307486979290512E-004
   5.4149999999999068        2.7223584279503576E-004
   5.4249999999999066        2.9176583695187861E-004
   5.4349999999999064        3.1162774678033432E-004
   5.4449999999999061        3.3178472852882766E-004
   5.4549999999999059        3.5220023929948159E-004
   5.4649999999999057        3.7283807519298721E-004
   5.4749999999999055        3.9366240844450356E-004
   5.4849999999999053        4.1463782352423826E-004
   5.4949999999999051        4.3572935217479620E-004
   5.5049999999999049        4.5690250736123004E-004
   5.5149999999999046        4.7812331611097610E-004
   5.5249999999999044        4.9935835122145284E-004
   5.5349999999999042        5.2057476181669707E-004
   5.5449999999999040        5.4174030273373107E-004
   5.5549999999999038        5.6282336272346016E-004
   5.5649999999999036        5.8379299145127153E-004
   5.5749999999999034        6.0461892528348321E-004
   5.5849999999999032        6.2527161184949668E-004
   5.5949999999999029        6.4572223336886725E-004
   5.6049999999999027        6.6594272873642536E-004
   5.6149999999999025        6.8590581435750038E-004
   5.6249999999999023        7.0558500372981702E-004
   5.6349999999999021        7.2495462576776788E-004
   5.6449999999999019        7.4398984186769363E-004
   5.6549999999999017        7.6266666171398195E-004
   5.6649999999999014        7.8096195782772040E-004
   5.6749999999999012        7.9885347885856313E-004
   5.6849999999999010        8.1631986162764307E-004
   5.6949999999999008        8.3334064192322965E-004
   5.7049999999999006        8.4989626406026188E-004
   5.7149999999999004        8.6596808920671705E-004
   5.7249999999999002        8.8153840249311399E-004
   5.7349999999999000        8.9659041891040014E-004
   5.7449999999998997        9.1110828801205137E-004
   5.7549999999998995        9.2507709743222359E-004
   5.7649999999998993        9.3848287523508995E-004
   5.7749999999998991        9.5131259111221338E-004
   5.7849999999998989        9.6355415644211212E-004
   5.7949999999998987        9.7519642323377746E-004
   5.8049999999998985        9.8622918197089531E-004
   5.8149999999998983        9.9664315837654839E-004
   5.8249999999998980        1.0064300091212368E-003
   5.8349999999998978        1.0155823164951143E-003
   5.8449999999998976        1.0240935820670825E-003
   5.8549999999998974        1.0319582193551126E-003
   5.8649999999998972        1.0391715455318131E-003
   5.8749999999998970        1.0457297721913083E-003
   5.8849999999998968        1.0516299952017263E-003
   5.8949999999998965        1.0568701836714137E-003
   5.9049999999998963        1.0614491680569580E-003
   5.9149999999998961        1.0653666274378717E-003
   5.9249999999998959        1.0686230759883988E-003
   5.9349999999998957        1.0712198486771938E-003
   5.9449999999998955        1.0731590862188493E-003
   5.9549999999998953        1.0744437193131414E-003
   5.9649999999998951        1.0750774521980035E-003
   5.9749999999998948        1.0750647455480883E-003
   5.9849999999998946        1.0744107987504551E-003
   5.9949999999998944        1.0731215315865738E-003
   6.0049999999998942        1.0712035653542911E-003
   6.0149999999998940        1.0686642034583339E-003
   6.0249999999998938        1.0655114115038407E-003
   6.0349999999998936        1.0617537969222972E-003
   6.0449999999998933        1.0574005881621561E-003
   6.0549999999998931        1.0524616134767663E-003
   6.0649999999998929        1.0469472793403637E-003
   6.0749999999998927        1.0408685485233484E-003
   6.0849999999998925        1.0342369178594057E-003
   6.0949999999998923        1.0270643957357793E-003
   6.1049999999998921        1.0193634793358175E-003
   6.1149999999998919        1.0111471316687037E-003
   6.1249999999998916        1.0024287584127992E-003
   6.1349999999998914        9.9322218460611770E-004
   6.1449999999998912        9.8354163121291516E-004
   6.1549999999998910        9.7340169159590287E-004
   6.1649999999998908        9.6281730792491726E-004
   6.1749999999998906        9.5180374754990922E-004
   6.1849999999998904        9.4037657936604671E-004
   6.1949999999998902        9.2855165020222627E-004
   6.2049999999998899        9.1634506125750151E-004
   6.2149999999998897        9.0377314461442999E-004
   6.2249999999998895        8.9085243985556183E-004
   6.2349999999998893        8.7759967080876450E-004
   6.2449999999998891        8.6403172244786989E-004
   6.2549999999998889        8.5016561797295206E-004
   6.2649999999998887        8.3601849609518696E-004
   6.2749999999998884        8.2160758854875576E-004
   6.2849999999998882        8.0695019785477300E-004
   6.2949999999998880        7.9206367535783440E-004
   6.3049999999998878        7.7696539955849557E-004
   6.3149999999998876        7.6167275476081106E-004
   6.3249999999998874        7.4620311005812415E-004
   6.3349999999998872        7.3057379867296456E-004
   6.3449999999998870        7.1480209767374534E-004
   6.3549999999998867        6.9890520808298074E-004
   6.3649999999998865        6.8290023539734881E-004
   6.3749999999998863        6.6680417053335622E-004
   6.3849999999998861        6.5063387121738650E-004
   6.3949999999998859        6.3440604383221174E-004
   6.4049999999998857        6.1813722573676136E-004
   6.4149999999998855        6.0184376807026843E-004
   6.4249999999998852        5.8554181905621258E-004
   6.4349999999998850        5.6924730781501831E-004
   6.4449999999998848        5.5297592869830200E-004
   6.4549999999998846        5.3674312615540753E-004
   6.4649999999998844        5.2056408013993077E-004
   6.4749999999998842        5.0445369206621367E-004
   6.4849999999998840        4.8842657132347565E-004
   6.4949999999998838        4.7249702235461257E-004
   6.5049999999998835        4.5667903230594745E-004
   6.5149999999998833        4.4098625925344459E-004
   6.5249999999998831        4.2543202100998753E-004
   6.5349999999998829        4.1002928451838841E-004
   6.5449999999998827        3.9479065583288952E-004
   6.5549999999998825        3.7972837069102922E-004
   6.5649999999998823        3.6485428567894444E-004
   6.5749999999998820        3.5017986999033785E-004
   6.5849999999998818        3.3571619777902922E-004
   6.5949999999998816        3.2147394110572646E-004
   6.6049999999998814        3.0746336347681018E-004
   6.6149999999998812        2.9369431397448134E-004
   6.6249999999998810        2.8017622197394599E-004
   6.6349999999998808        2.6691809244723405E-004
   6.6449999999998806        2.5392850184694437E-004
   6.6549999999998803        2.4121559456768691E-004
   6.6649999999998801        2.2878707997896753E-004
   6.6749999999998799        2.1665023002448420E-004
   6.6849999999998797        2.0481187738134293E-004
   6.6949999999998795        1.9327841417242006E-004
   6.7049999999998793        1.8205579122494673E-004
   6.7149999999998791        1.7114951786638158E-004
   6.7249999999998789        1.6056466225095688E-004
   6.7349999999998786        1.5030585220600956E-004
   6.7449999999998784        1.4037727659037079E-004
   6.7549999999998782        1.3078268715409851E-004
   6.7649999999998780        1.2152540088966450E-004
   6.7749999999998778        1.1260830286397818E-004
   6.7849999999998776        1.0403384951954012E-004
   6.7949999999998774        9.5804072434447986E-005
   6.8049999999998771        8.7920582528374711E-005
   6.8149999999998769        8.0384574702833277E-005
   6.8249999999998767        7.3196832903088508E-005
   6.8349999999998765        6.6357735589292916E-005
   6.8449999999998763        5.9867261603338670E-005
   6.8549999999998761        5.3724996418344776E-005
   6.8649999999998759        4.7930138757117142E-005
   6.8749999999998757        4.2481507565935220E-005
   6.8849999999998754        3.7377549329579022E-005
   6.8949999999998752        3.2616345713436700E-005
   6.9049999999998750        2.8195621518237504E-005
   6.9149999999998748        2.4112752933344201E-005
   6.9249999999998746        2.0364776073550184E-005
   6.9349999999998744        1.6948395784852958E-005
   6.9449999999998742        1.3859994704536320E-005
   6.9549999999998739        1.1095642560597613E-005
   6.9649999999998737        8.6511056955239010E-006
   6.9749999999998735        6.5218567997765232E-006
   6.9849999999998733        4.7030848397850561E-006
   6.9949999999998731        3.1897051656043598E-006
   7.0049999999998729        1.9763697834187557E-006
   7.0149999999998727        1.0574777778925957E-006
   7.0249999999998725        4.2718586968989314E-007
   7.0349999999998722        7.9419093361803716E-008
   7.0449999999998720        7.8815810049437073E-009
   7.0549999999998718        2.0606743715939433E-007
   7.0649999999998716        6.6727169055988016E-007
   7.0749999999998714        1.3846013084494890E-006
   7.0849999999998712        2.3509862593846756E-006
   7.0949999999998710        3.5591906105938965E-006
   7.1049999999998708        5.0018236460806466E-006
   7.1149999999998705        6.6713509919995353E-006
   7.1249999999998703        8.5601057359074219E-006
   7.1349999999998701        1.0660299526667059E-005
   7.1449999999998699        1.2964033642337968E-005
   7.1549999999998697        1.5463310013165459E-005
   7.1649999999998695        1.8150042187364158E-005
   7.1749999999998693        2.1016066227685354E-005
   7.1849999999998690        2.4053151526581381E-005
   7.1949999999998688        2.7253011528879479E-005
   7.2049999999998686        3.0607314350165466E-005
   7.2149999999998684        3.4107693280419940E-005
   7.2249999999998682        3.7745757161883605E-005
   7.2349999999998680        4.1513100630773300E-005
   7.2449999999998678        4.5401314213444761E-005
   7.2549999999998676        4.9401994266430855E-005
   7.2649999999998673        5.3506752751755608E-005
   7.2749999999998671        5.7707226838103485E-005
   7.2849999999998669        6.1995088319576416E-005
   7.2949999999998667        6.6362052843114540E-005
   7.3049999999998665        7.0799888937761506E-005
   7.3149999999998663        7.5300426836730051E-005
   7.3249999999998661        7.9855567086646386E-005
   7.3349999999998658        8.4457288935688737E-005
   7.3449999999998656        8.9097658495563935E-005
   7.3549999999998654        9.3768836669779561E-005
   7.3649999999998652        9.8463086843995004E-005
   7.3749999999998650        1.0317278233197638E-004
   7.3849999999998648        1.0789041357253458E-004
   7.3949999999998646        1.1260859507335704E-004
   7.4049999999998644        1.1732007209677535E-004
   7.4149999999998641        1.2201772708400061E-004
   7.4249999999998639        1.2669458581458806E-004
   7.4349999999998637        1.3134382329762519E-004
   7.4449999999998635        1.3595876939214674E-004
   7.4549999999998633        1.4053291415422724E-004
   7.4649999999998631        1.4505991290925476E-004
   7.4749999999998629        1.4953359104710954E-004
   7.4849999999998627        1.5394794853930372E-004
   7.4949999999998624        1.5829716417737583E-004
   7.5049999999998622        1.6257559953137678E-004
   7.5149999999998620        1.6677780262856599E-004
   7.5249999999998618        1.7089851135273400E-004
   7.5349999999998616        1.7493265656396719E-004
   7.5449999999998614        1.7887536493973923E-004
   7.5549999999998612        1.8272196153884087E-004
   7.5649999999998609        1.8646797208923582E-004
   7.5749999999998607        1.9010912500090694E-004
   7.5849999999998605        1.9364135310764622E-004
   7.5949999999998603        1.9706079513707059E-004
   7.6049999999998601        2.0036379691447368E-004
   7.6149999999998599        2.0354691230130593E-004
   7.6249999999998597        2.0660690387200591E-004
   7.6349999999998595        2.0954074333322912E-004
   7.6449999999998592        2.1234561168783180E-004
   7.6549999999998590        2.1501889914854331E-004
   7.6649999999998588        2.1755820480498161E-004
   7.6749999999998586        2.1996133604833571E-004
   7.6849999999998584        2.2222630775832749E-004
   7.6949999999998582        2.2435134125739869E-004
   7.7049999999998580        2.2633486303701467E-004
   7.7149999999998577        2.2817550326065735E-004
   7.7249999999998575        2.2987209404986552E-004
   7.7349999999998573        2.3142366755822091E-004
   7.7449999999998571        2.3282945383878571E-004
   7.7549999999998569        2.3408887851142550E-004
   7.7649999999998567        2.3520156023543057E-004
   7.7749999999998565        2.3616730799401405E-004
   7.7849999999998563        2.3698611819635546E-004
   7.7949999999998560        2.3765817160413587E-004
   7.8049999999998558        2.3818383008878584E-004
   7.8149999999998556        2.3856363322588751E-004
   7.8249999999998554        2.3879829473331962E-004
   7.8349999999998552        2.3888869876041331E-004
   7.8449999999998550        2.3883589603435006E-004
   7.8549999999998548        2.3864109987062083E-004
   7.8649999999998546        2.3830568205517538E-004
   7.8749999999998543        2.3783116860422307E-004
   7.8849999999998541        2.3721923540940233E-004
   7.8949999999998539        2.3647170377533730E-004
   7.9049999999998537        2.3559053585585235E-004
   7.9149999999998535        2.3457782999670578E-004
   7.9249999999998533        2.3343581599158568E-004
   7.9349999999998531        2.3216685025846535E-004
   7.9449999999998528        2.3077341094244219E-004
   7.9549999999998526        2.2925809295438858E-004
   7.9649999999998524        2.2762360294891002E-004
   7.9749999999998522        2.2587275425232559E-004
   7.9849999999998520        2.2400846174356801E-004
   7.9949999999998518        2.2203373669892726E-004
   8.0049999999998516        2.1995168160374710E-004
   8.0149999999998531        2.1776548493985086E-004
   8.0249999999998547        2.1547841595485784E-004
   8.0349999999998563        2.1309381941938616E-004
   8.0449999999998578        2.1061511037950883E-004
   8.0549999999998594        2.0804576890941015E-004
   8.0649999999998609        2.0538933487209072E-004
   8.0749999999998625        2.0264940269259141E-004
   8.0849999999998641        1.9982961615132888E-004
   8.0949999999998656        1.9693366320188937E-004
   8.1049999999998672        1.9396527082039865E-004
   8.1149999999998688        1.9092819989093330E-004
   8.1249999999998703        1.8782624013333559E-004
   8.1349999999998719        1.8466320507839367E-004
   8.1449999999998735        1.8144292709551464E-004
   8.1549999999998750        1.7816925247805284E-004
   8.1649999999998766        1.7484603659153182E-004
   8.1749999999998781        1.7147713908896760E-004
   8.1849999999998797        1.6806641919813099E-004
   8.1949999999998813        1.6461773108543770E-004
   8.2049999999998828        1.6113491930040455E-004
   8.2149999999998844        1.5762181430487043E-004
   8.2249999999998860        1.5408222809107629E-004
   8.2349999999998875        1.5051994989217102E-004
   8.2449999999998891        1.4693874198937751E-004
   8.2549999999998906        1.4334233561783203E-004
   8.2649999999998922        1.3973442697618935E-004
   8.2749999999998938        1.3611867334173549E-004
   8.2849999999998953        1.3249868929465772E-004
   8.2949999999998969        1.2887804305329283E-004
   8.3049999999998985        1.2526025292480589E-004
   8.3149999999999000        1.2164878387108619E-004
   8.3249999999999016        1.1804704419426422E-004
   8.3349999999999032        1.1445838234284251E-004
   8.3449999999999047        1.1088608384058612E-004
   8.3549999999999063        1.0733336833950534E-004
   8.3649999999999078        1.0380338679897873E-004
   8.3749999999999094        1.0029921879214855E-004
   8.3849999999999110        9.6823869940435231E-005
   8.3949999999999125        9.3380269477469667E-005
   8.4049999999999141        8.9971267943338452E-005
   8.4149999999999157        8.6599635009747492E-005
   8.4249999999999172        8.3268057436037917E-005
   8.4349999999999188        7.9979137157474818E-005
   8.4449999999999203        7.6735389504745450E-005
   8.4549999999999219        7.3539241555825840E-005
   8.4649999999999235        7.0393030619113312E-005
   8.4749999999999250        6.7299002847933756E-005
   8.4849999999999266        6.4259311986134853E-005
   8.4949999999999282        6.1276018243922866E-005
   8.5049999999999297        5.8351087302972053E-005
   8.5149999999999313        5.5486389450432668E-005
   8.5249999999999329        5.2683698840465148E-005
   8.5349999999999344        4.9944692882125693E-005
   8.5449999999999360        4.7270951752529964E-005
   8.5549999999999375        4.4663958033565649E-005
   8.5649999999999391        4.2125096470802830E-005
   8.5749999999999407        3.9655653852926032E-005
   8.5849999999999422        3.7256819009872349E-005
   8.5949999999999438        3.4929682927545119E-005
   8.6049999999999454        3.2675238977638745E-005
   8.6149999999999469        3.0494383259892176E-005
   8.6249999999999485        2.8387915054748660E-005
   8.6349999999999500        2.6356537384388561E-005
   8.6449999999999516        2.4400857679285073E-005
   8.6549999999999532        2.2521388548170858E-005
   8.6649999999999547        2.0718548648457368E-005
   8.6749999999999563        1.8992663654977202E-005
   8.6849999999999579        1.7343967323717580E-005
   8.6949999999999594        1.5772602648366141E-005
   8.7049999999999610        1.4278623106236646E-005
   8.7149999999999626        1.2861993991166331E-005
   8.7249999999999641        1.1522593829965377E-005
   8.7349999999999657        1.0260215879688815E-005
   8.7449999999999672        9.0745697025838275E-006
   8.7549999999999688        7.9652828155329174E-006
   8.7649999999999704        6.9319024108706962E-006
   8.7749999999999719        5.9738971453973404E-006
   8.7849999999999735        5.0906589943430639E-006
   8.7949999999999751        4.2815051670942564E-006
   8.8049999999999766        3.5456800813310419E-006
   8.8149999999999782        2.8823573923071208E-006
   8.8249999999999797        2.2906420740635860E-006
   8.8349999999999813        1.7695725491701677E-006
   8.8449999999999829        1.3181228636602380E-006
   8.8549999999999844        9.3520490402205881E-007
   8.8649999999999860        6.1967065270775344E-007
   8.8749999999999876        3.7031447900773540E-007
   8.8849999999999891        1.8587546197986277E-007
   8.8949999999999907        6.5039742107609735E-008
   8.9049999999999923        6.4428984613883266E-009
   8.9149999999999938        8.6723481370482864E-009
   8.9249999999999954        7.0269764733634569E-008
   8.9349999999999969        1.8973351271171215E-007
   8.9449999999999985        3.6552109446660732E-007
   8.9550000000000001        5.9605160700835323E-007
   8.9650000000000016        8.7970820517479513E-007
   8.9750000000000032        1.2148405683518755E-006
   8.9850000000000048        1.5997673676614281E-006
   8.9950000000000063        2.0327787307725156E-006
   9.0050000000000079        2.5121387013284304E-006
   9.0150000000000095        3.0360876902461677E-006
   9.0250000000000110        3.6028449160188511E-006
   9.0350000000000126        4.2106108314012065E-006
   9.0450000000000141        4.8575695336795036E-006
   9.0550000000000157        5.5418911560440406E-006
   9.0650000000000173        6.2617342374131447E-006
   9.0750000000000188        7.0152480683920844E-006
   9.0850000000000204        7.8005750107091877E-006
   9.0950000000000220        8.6158527880762306E-006
   9.1050000000000235        9.4592167460463941E-006
   9.1150000000000251        1.0328802078626669E-005
   9.1250000000000266        1.1222746019681325E-005
   9.1350000000000282        1.2139189997100628E-005
   9.1450000000000298        1.3076281747427136E-005
   9.1550000000000313        1.4032177389581047E-005
   9.1650000000000329        1.5005043455481441E-005
   9.1750000000000345        1.5993058875927490E-005
   9.1850000000000360        1.6994416920192794E-005
   9.1950000000000376        1.8007327087748124E-005
   9.2050000000000392        1.9030016950475057E-005
   9.2150000000000407        2.0060733944097654E-005
   9.2250000000000423        2.1097747107640108E-005
   9.2350000000000438        2.2139348769401390E-005
   9.2450000000000454        2.3183856178441408E-005
   9.2550000000000470        2.4229613080493149E-005
   9.2650000000000485        2.5274991237556472E-005
   9.2750000000000501        2.6318391889545999E-005
   9.2850000000000517        2.7358247158324211E-005
   9.2950000000000532        2.8393021392021009E-005
   9.3050000000000548        2.9421212450391218E-005
   9.3150000000000563        3.0441352929336152E-005
   9.3250000000000579        3.1452011325141721E-005
   9.3350000000000595        3.2451793137347030E-005
   9.3450000000000610        3.3439341910182380E-005
   9.3550000000000626        3.4413340212377446E-005
   9.3650000000000642        3.5372510555005580E-005
   9.3750000000000657        3.6315616247212907E-005
   9.3850000000000673        3.7241462190237171E-005
   9.3950000000000689        3.8148895609103720E-005
   9.4050000000000704        3.9036806722695987E-005
   9.4150000000000720        3.9904129352070290E-005
   9.4250000000000735        4.0749841467412953E-005
   9.4350000000000751        4.1572965673984774E-005
   9.4450000000000767        4.2372569637153799E-005
   9.4550000000000782        4.3147766447751754E-005
   9.4650000000000798        4.3897714927097452E-005
   9.4750000000000814        4.4621619873500374E-005
   9.4850000000000829        4.5318732250063043E-005
   9.4950000000000845        4.5988349314813316E-005
   9.5050000000000860        4.6629814693969686E-005
   9.5150000000000876        4.7242518399054626E-005
   9.5250000000000892        4.7825896788652511E-005
   9.5350000000000907        4.8379432476158250E-005
   9.5450000000000923        4.8902654183785078E-005
   9.5550000000000939        4.9395136544651370E-005
   9.5650000000000954        4.9856499853445539E-005
   9.5750000000000970        5.0286409766997168E-005
   9.5850000000000986        5.0684576955857355E-005
   9.5950000000001001        5.1050756708190073E-005
   9.6050000000001017        5.1384748487273661E-005
   9.6150000000001032        5.1686395443417465E-005
   9.6250000000001048        5.1955583882104964E-005
   9.6350000000001064        5.2192242689671058E-005
   9.6450000000001079        5.2396342717534180E-005
   9.6550000000001095        5.2567896126605043E-005
   9.6650000000001111        5.2706955693309754E-005
   9.6750000000001126        5.2813614078566931E-005
   9.6850000000001142        5.2888003061335825E-005
   9.6950000000001157        5.2930292737955712E-005
   9.7050000000001173        5.2940690688941829E-005
   9.7150000000001189        5.2919441114866083E-005
   9.7250000000001204        5.2866823942627794E-005
   9.7350000000001220        5.2783153903639086E-005
   9.7450000000001236        5.2668779585749218E-005
   9.7550000000001251        5.2524082460131287E-005
   9.7650000000001267        5.2349475884785418E-005
   9.7750000000001283        5.2145404086529587E-005
   9.7850000000001298        5.1912341122324744E-005
   9.7950000000001314        5.1650789822307351E-005
   9.8050000000001329        5.1361280715590372E-005
   9.8150000000001345        5.1044370940287568E-005
   9.8250000000001361        5.0700643139974097E-005
   9.8350000000001376        5.0330704347135027E-005
   9.8450000000001392        4.9935184855927463E-005
   9.8550000000001408        4.9514737085611900E-005
   9.8650000000001423        4.9070034435738870E-005
   9.8750000000001439        4.8601770135029328E-005
   9.8850000000001454        4.8110656085418766E-005
   9.8950000000001470        4.7597421702129317E-005
   9.9050000000001486        4.7062812752166591E-005
   9.9150000000001501        4.6507590191719288E-005
   9.9250000000001517        4.5932529004460964E-005
   9.9350000000001533        4.5338417041949455E-005
   9.9450000000001548        4.4726053867170583E-005
   9.9550000000001564        4.4096249603239342E-005
   9.9650000000001580        4.3449823787732132E-005
   9.9750000000001595        4.2787604234646606E-005
   9.9850000000001611        4.2110425904435880E-005
   9.9950000000001626        4.1419129784405022E-005
